def sol():
    return [
        [
            [2, 5, 9],
            [0, 3, 7],
            [1, 6, 8],
            [4, 11, 14],
            [12, 15, 10]
        ],
        [
            [1, 4, 8],
            [3, 5, 11],
            [2, 7, 10],
            [6, 9, 14],
            [12, 15, 13]
        ],
        [
            [0, 3, 9],
            [1, 4, 11],
            [2, 5, 14],
            [7, 10, 15],
            [12, 13, 15]
        ],
        [
            [0, 1, 8],
            [2, 3, 11],
            [5, 6, 14],
            [9, 12,