def sol():
    return [
        [
            [1, 2, 3],
            [4, 5, 6],
            [7, 8, 9],
            [10, 11, 12],
            [13, 14, 15]
        ],
        [
            [1, 13, 1],
            [2, 14, 2],
            [3, 15, 3],
            [4, 1, 4],
            [5, 2, 5]
        ],
        [
            [5, 6, 7],
            [8, 9, 10],
            [11, 12, 13],
            [14, 15, 1],
            [1, 2, 15]
        ],
        [
            [1, 4, 7],
            [2, 5, 8],
            [3, 6, 9],
            [10, 11, 1],